R=[1.482427 |-0.6520133 1.482427 |-0.6520133 -0.6520133 1.482427 ]
X=[1.170902 |-0.383101 1.170902 |-0.383101 -0.383101 1.170902 ]